['vg_mtss_gcd', 'ws_mtss', 'wc_mtss', 'wswc_mtss', 'va_mtss', 'vw_mtss']
[[ 1.         -0.20784176  0.08473085  0.01818996  0.52433002  0.19296198]
 [-0.20784176  1.         -0.14407362  0.21599462 -0.80970926 -0.86766592]
 [ 0.08473085 -0.14407362  1.         -0.40487268  0.3539149   0.60105344]
 [ 0.01818996  0.21599462 -0.40487268  1.         -0.22674206 -0.37070775]
 [ 0.52433002 -0.80970926  0.3539149  -0.22674206  1.          0.82361308]
 [ 0.19296198 -0.86766592  0.60105344 -0.37070775  0.82361308  1.        ]]